            Daily  Hourly data -->
   Date     Total    0   1   2   3   4   5   6   7   8   9  10  11  12  13  14  15  16  17  18  19  20  21  22  23
------------------------------------------------------------------------------------------------------------------
04-MAY-2020     0    0   0   0   0   0   0   0   0   0   0
03-MAY-2020    22    0   0   5   3   0   0   0   0   0   0   7   6   0   0   0   0   0   0   1   0   0   0   0   0
02-MAY-2020    30    0   0   0   0   0   1   0   0   6   3   6   4   7   1   0   2   0   0   0   0   0   0   0   0
01-MAY-2020     6    0   0   0   0   0   0   0   0   0   0   0   0   0   0   0   0   0   0   0   0   0   4   1   1
30-APR-2020     0    0   0   0   0   0   0   0   0   0   0   0   0   0   0   0   0   0   0   0   0   0   0   0   0
29-APR-2020     0    0   0   0   0   0   0   0   0   0   0   0   0   0   0   0   0   0   0   0   0   0   0   0   0
28-APR-2020     0    0   0   0   0   0   0   0   0   0   0   0   0   0   0   0   0   0   0   0   0   0   0   0   0
27-APR-2020     3    0   2   1   0   0   0   0   0   0   0   0   0   0   0   0   0   0   0   0   0   0   0   0   0
26-APR-2020     5    0   0   0   0   0   0   0   0   0   0   0   0   0   0   0   0   0   0   0   0   0   2   3   0
25-APR-2020    16    0   0   0   0   0   0   5   8   2   0   0   0   0   0   0   1   0   0   0   0   0   0   0   0
24-APR-2020     2    0   0   0   0   0   0   0   0   1   1   0   0   0   0   0   0   0   0   0   0   0   0   0   0
23-APR-2020     0    0   0   0   0   0   0   0   0   0   0   0   0   0   0   0   0   0   0   0   0   0   0   0   0
22-APR-2020    23    0   0   0   0   2   4   0   3   6   3   0   4   0   0   1   0   0   0   0   0   0   0   0   0
21-APR-2020     0    0   0   0   0   0   0   0   0   0   0   0   0   0   0   0   0   0   0   0   0   0   0   0   0
20-APR-2020     0    0   0   0   0   0   0   0   0   0   0   0   0   0   0   0   0   0   0   0   0   0   0   0   0
19-APR-2020     0    0   0   0   0   0   0   0   0   0   0   0   0   0   0   0   0   0   0   0   0   0   0   0   0
18-APR-2020    18    0   0   0   0   0   0   0   0   1   1   1   2   0   0   1   1   0   4   6   0   0   0   0   1
17-APR-2020     0    0   0   0   0   0   0   0   0   0   0   0   0   0   0   0   0   0   0   0   0   0   0   0   0
16-APR-2020     0    0   0   0   0   0   0   0   0   0   0   0   0   0   0   0   0   0   0   0   0   0   0   0   0
15-APR-2020     0    0   0   0   0   0   0   0   0   0   0   0   0   0   0   0   0   0   0   0   0   0   0   0   0
14-APR-2020     0    0   0   0   0   0   0   0   0   0   0   0   0   0   0   0   0   0   0   0   0   0   0   0   0
13-APR-2020     0    0   0   0   0   0   0   0   0   0   0   0   0   0   0   0   0   0   0   0   0   0   0   0   0
12-APR-2020     0    0   0   0   0   0   0   0   0   0   0   0   0   0   0   0   0   0   0   0   0   0   0   0   0
11-APR-2020     0    0   0   0   0   0   0   0   0   0   0   0   0   0   0   0   0   0   0   0   0   0   0   0   0
10-APR-2020     0    0   0   0   0   0   0   0   0   0   0   0   0   0   0   0   0   0   0   0   0   0   0   0   0
09-APR-2020     0    0   0   0   0   0   0   0   0   0   0   0   0   0   0   0   0   0   0   0   0   0   0   0   0
08-APR-2020     0    0   0   0   0   0   0   0   0   0   0   0   0   0   0   0   0   0   0   0   0   0   0   0   0
07-APR-2020     0    0   0   0   0   0   0   0   0   0   0   0   0   0   0   0   0   0   0   0   0   0   0   0   0
06-APR-2020     0    0   0   0   0   0   0   0   0   0   0   0   0   0   0   0   0   0   0   0   0   0   0   0   0
05-APR-2020     0    0   0   0   0   0   0   0   0   0   0   0   0   0   0   0   0   0   0   0   0   0   0   0   0
04-APR-2020     6    0   0   0   0   0   0   0   0   0   0   0   0   0   0   0   0   1   2   2   1   0   0   0   0
03-APR-2020     0    0   0   0   0   0   0   0   0   0   0   0   0   0   0   0   0   0   0   0   0   0   0   0   0
02-APR-2020     9    0   0   0   0   0   0   0   3   0   0   0   0   0   2   0   0   3   1   0   0   0   0   0   0
01-APR-2020     4    0   0   0   1   0   0   0   1   0   1   0   1   0   0   0   0   0   0   0   0   0   0   0   0
31-MAR-2020    18    1   0   0   0   0   3   4   0   0   1   7   0   2   0   0   0   0   0   0   0   0   0   0   0
30-MAR-2020    23    7   2   1   1   4   2   0   0   0   0   0   0   0   1   0   0   1   0   0   3   1   0   0   0
29-MAR-2020    24    0   2   2   5   1   1   0   0   0   0   0   0  12   0   0   0   0   0   0   0   0   0   0   1
28-MAR-2020     7    0   0   1   0   0   0   0   1   0   0   0   0   0   0   0   0   0   2   2   0   0   0   1   0
27-MAR-2020     9    0   0   0   0   0   0   3   2   0   0   0   1   0   1   0   0   0   1   0   0   0   0   1   0
26-MAR-2020     0    0   0   0   0   0   0   0   0   0   0   0   0   0   0   0   0   0   0   0   0   0   0   0   0
25-MAR-2020     9    1   0   3   3   1   0   0   0   0   0   0   0   0   0   0   0   1   0   0   0   0   0   0   0
24-MAR-2020    21    0   1   1   3   0   0   0   0   0   0   1   0   0   0   0   9   0   0   0   0   4   0   0   2
23-MAR-2020     3    0   0   0   0   0   0   0   0   0   0   0   0   3   0   0   0   0   0   0   0   0   0   0   0
22-MAR-2020     0    0   0   0   0   0   0   0   0   0   0   0   0   0   0   0   0   0   0   0   0   0   0   0   0
21-MAR-2020     0    0   0   0   0   0   0   0   0   0   0   0   0   0   0   0   0   0   0   0   0   0   0   0   0
20-MAR-2020     0    0   0   0   0   0   0   0   0   0   0   0   0   0   0   0   0   0   0   0   0   0   0   0   0
19-MAR-2020     0    0   0   0   0   0   0   0   0   0   0   0   0   0   0   0   0   0   0   0   0   0   0   0   0
18-MAR-2020     0    0   0   0   0   0   0   0   0   0   0   0   0   0   0   0   0   0   0   0   0   0   0   0   0
17-MAR-2020     0    0   0   0   0   0   0   0   0   0   0   0   0   0   0   0   0   0   0   0   0   0   0   0   0
16-MAR-2020     0    0   0   0   0   0   0   0   0   0   0   0   0   0   0   0   0   0   0   0   0   0   0   0   0
15-MAR-2020     0    0   0   0   0   0   0   0   0   0   0   0   0   0   0   0   0   0   0   0   0   0   0   0   0
14-MAR-2020    68    5   8  11   9   1   0   2   7   8   9   7   0   0   0   1   0   0   0   0   0   0   0   0   0